Slope=-15.118523640508554, GeometryParams=[0.17240458 0.01227662 0.4907464 ],normalParams = [1.09685312 1.09685312 0.35899229 0.10782679 0.25862069]
RMS=0.00420625981243817
Ravg=0.9950248534824128