Slope=-140.35074616509638, GeometryParams=[0.18440598 0.03885579 0.39424837],normalParams = [0.92150683 0.92150683 0.75147275 0.10782679 0.25862069]
RMS=0.025814838560944586
Ravg=0.9966662027501447