Slope=-108.55364211514912, GeometryParams=[0.16613954 0.18526405 0.49488752],normalParams = [0.97721508 0.97721508 0.70036194 0.10782679 0.25862069]
RMS=0.009172074637346612
Ravg=0.9994780195709969