Slope=-193.91835920346935, GeometryParams=[0.05411384 0.21412136 0.47355755],normalParams = [1.01703477 1.01703477 0.66922807 0.10782679 0.25862069]
RMS=0.04690668101052315