Slope=-19.12017735684718, GeometryParams=[0.17067757 0.16884082 0.36722162],normalParams = [0.96329292 0.96329292 0.71121081 0.10782679 0.25862069]
RMS=0.008016440232684609
Ravg=0.9999201498952267