Slope=-10.634374254390035, GeometryParams=[0.12040733 0.01271771 0.46051845],normalParams = [1.14230889 1.14230889 0.61387762 0.10782679 0.25862069]
RMS=0.00036288286477380365
Ravg=0.988296855185631