geometry_params = [0.223295   0.19368348 0.45139094]
normal_params   = [0.93647042 0.93647042 0.58575632 0.10782679 0.25862069]
slope1 = 7.1693e+02
slope2 = 2.9222e+02
cubic_rms = 0.247796
Ravg_window = 0.9995






u = 0.5077981977 0.7872614697 0.4265264902 0.9994386800 0.4581475070 ......check this one out...
